xof 0303txt 0032
template XSkinMeshHeader {
 <3cf169ce-ff7c-44ab-93c0-f78f62d172e2>
 WORD nMaxSkinWeightsPerVertex;
 WORD nMaxSkinWeightsPerFace;
 WORD nBones;
}

template VertexDuplicationIndices {
 <b8d65549-d7c9-4995-89cf-53a9a8b031e3>
 DWORD nIndices;
 DWORD nOriginalVertices;
 array DWORD indices[nIndices];
}

template SkinWeights {
 <6f0d123b-bad2-4167-a0d0-80224f25fabb>
 STRING transformNodeName;
 DWORD nWeights;
 array DWORD vertexIndices[nWeights];
 array FLOAT weights[nWeights];
 Matrix4x4 matrixOffset;
}

template AnimTicksPerSecond {
 <9e415a43-7ba6-4a73-8743-b73d47e88476>
 DWORD AnimTicksPerSecond;
}

template VertexElement {
 <f752461c-1e23-48f6-b9f8-8350850f336f>
 DWORD Type;
 DWORD Method;
 DWORD Usage;
 DWORD UsageIndex;
}

template DeclData {
 <bf22e553-292c-4781-9fea-62bd554bdd93>
 DWORD nElements;
 array VertexElement Elements[nElements];
 DWORD nDWords;
 array DWORD data[nDWords];
}


AnimTicksPerSecond {
 24;
}

Frame Dummy01 {
 

 FrameTransformMatrix {
  1.000000,0.000000,0.000000,0.000000,0.000000,-0.000000,-1.000000,0.000000,0.000000,1.000000,-0.000000,0.000000,0.000000,0.000000,0.000000,1.000000;;
 }

 Frame Bip01 {
  

  FrameTransformMatrix {
   0.000001,0.933237,0.359261,0.000000,-0.000000,-0.359261,0.933237,0.000000,1.000000,-0.000001,-0.000000,0.000000,0.000000,0.000000,0.000000,1.000000;;
  }

  Frame Bip01_Pelvis {
   

   FrameTransformMatrix {
    -0.000000,1.000000,-0.000001,0.000000,-0.000001,0.000001,1.000000,0.000000,1.000000,0.000000,0.000001,0.000000,0.000000,0.000000,0.000000,1.000000;;
   }

   Frame Bip01_Spine {
    

    FrameTransformMatrix {
     0.964947,0.000001,0.262445,0.000000,-0.000003,1.000000,0.000004,0.000000,-0.262445,-0.000005,0.964947,0.000000,0.051656,0.000000,-0.000082,1.000000;;
    }

    Frame Bip01_Spine1 {
     

     FrameTransformMatrix {
      0.981495,0.000001,0.191486,0.000000,-0.000001,1.000000,-0.000000,0.000000,-0.191486,-0.000000,0.981495,0.000000,0.106496,-0.000000,-0.000083,1.000000;;
     }

     Frame Bip01_Neck {
      

      FrameTransformMatrix {
       0.903366,0.000001,0.428870,0.000000,-0.000001,1.000000,-0.000000,0.000000,-0.428870,-0.000000,0.903366,0.000000,0.130516,0.000000,0.004628,1.000000;;
      }

      Frame Bip01_Head {
       

       FrameTransformMatrix {
        0.915189,-0.000001,-0.403025,0.000000,0.000001,1.000000,-0.000001,0.000000,0.403025,0.000000,0.915189,0.000000,0.033674,-0.000000,0.000000,1.000000;;
       }

       Frame Bip01_HeadNub {
        

        FrameTransformMatrix {
         1.000000,0.000000,0.000000,0.000000,0.000000,1.000000,-0.000000,0.000000,0.000000,-0.000000,1.000000,0.000000,0.169824,-0.000000,-0.000000,1.000000;;
        }
       }
      }

      Frame Bip01_L_Clavicle {
       

       FrameTransformMatrix {
        -0.078704,0.996195,0.037438,0.000000,0.899588,0.087155,-0.427955,0.000000,-0.429589,-0.000003,-0.903024,0.000000,-0.023698,0.015715,0.006128,1.000000;;
       }

       Frame Bip01_L_UpperArm {
        

        FrameTransformMatrix {
         0.348539,-0.916949,-0.194230,0.000000,0.839895,0.397525,-0.369527,0.000000,0.416049,-0.034339,0.908693,0.000000,0.087086,0.000000,0.000000,1.000000;;
        }

        Frame Bip01_L_Forearm {
         

         FrameTransformMatrix {
          0.052584,-0.000000,-0.998616,0.000000,0.000000,1.000000,0.000000,0.000000,0.998617,0.000000,0.052584,0.000000,0.137062,-0.000000,0.000000,1.000000;;
         }

         Frame Bip01_L_Hand {
          

          FrameTransformMatrix {
           0.986237,0.001302,-0.165332,0.000000,0.112767,0.725993,0.678394,0.000000,0.120913,-0.687701,0.715854,0.000000,0.137062,0.000000,0.000000,1.000000;;
          }

          Frame Bip01_L_Finger0 {
           

           FrameTransformMatrix {
            0.384574,-0.204175,0.900231,0.000000,0.681286,0.720818,-0.127559,0.000000,-0.622858,0.662371,0.416310,0.000000,0.057681,-0.023605,-0.000272,1.000000;;
           }

           Frame Bip01_L_Finger0Nub {
            

            FrameTransformMatrix {
             1.000000,-0.000000,0.000000,0.000000,0.000000,1.000000,0.000000,0.000000,-0.000000,-0.000000,1.000000,0.000000,0.029435,0.000000,-0.000000,1.000000;;
            }
           }
          }

          Frame Bip01_L_Finger1 {
           

           FrameTransformMatrix {
            0.880689,-0.000377,0.473695,0.000000,0.000000,1.000000,0.000796,0.000000,-0.473695,-0.000701,0.880689,0.000000,0.084102,0.000000,0.000000,1.000000;;
           }

           Frame Bip01_L_Finger1Nub {
            

            FrameTransformMatrix {
             1.000000,-0.000000,-0.000000,0.000000,0.000000,1.000000,0.000000,0.000000,0.000000,0.000000,1.000000,0.000000,0.047988,0.000000,-0.000000,1.000000;;
            }
           }
          }
         }
        }
       }
      }

      Frame Bip01_R_Clavicle {
       

       FrameTransformMatrix {
        -0.078704,-0.996195,0.037444,0.000000,-0.899588,0.087157,0.427955,0.000000,-0.429589,-0.000003,-0.903024,0.000000,-0.023698,-0.015714,0.006128,1.000000;;
       }

       Frame Bip01_R_UpperArm {
        

        FrameTransformMatrix {
         0.348539,0.916949,-0.194230,0.000000,-0.839895,0.397525,0.369527,0.000000,0.416050,0.034339,0.908693,0.000000,0.087086,0.000000,0.000000,1.000000;;
        }

        Frame Bip01_R_Forearm {
         

         FrameTransformMatrix {
          0.052583,0.000000,-0.998617,0.000000,0.000000,1.000000,-0.000000,0.000000,0.998617,-0.000000,0.052583,0.000000,0.137062,0.000000,0.000000,1.000000;;
         }

         Frame Bip01_R_Hand {
          

          FrameTransformMatrix {
           0.986237,-0.001301,-0.165332,0.000000,-0.112767,0.725993,-0.678394,0.000000,0.120913,0.687701,0.715854,0.000000,0.137062,-0.000000,-0.000000,1.000000;;
          }

          Frame Bip01_R_Finger0 {
           

           FrameTransformMatrix {
            0.384574,0.204175,0.900231,0.000000,-0.681287,0.720818,0.127559,0.000000,-0.622858,-0.662371,0.416310,0.000000,0.057681,0.023605,-0.000272,1.000000;;
           }

           Frame Bip01_R_Finger0Nub {
            

            FrameTransformMatrix {
             -1.000000,0.000000,-0.000000,0.000000,-0.000000,1.000000,-0.000000,0.000000,-0.000000,0.000000,-1.000000,0.000000,0.029435,0.000000,0.000000,1.000000;;
            }
           }
          }

          Frame Bip01_R_Finger1 {
           

           FrameTransformMatrix {
            0.880689,0.000377,0.473695,0.000000,-0.000000,1.000000,-0.000796,0.000000,-0.473695,0.000701,0.880689,0.000000,0.084102,0.000000,0.000000,1.000000;;
           }

           Frame Bip01_R_Finger1Nub {
            

            FrameTransformMatrix {
             -1.000000,-0.000000,0.000000,0.000000,-0.000000,1.000000,0.000000,0.000000,0.000000,0.000000,-1.000000,0.000000,0.047988,-0.000000,0.000000,1.000000;;
            }
           }
          }
         }
        }
       }
      }
     }

     Frame Bip01_BackPack {
      

      FrameTransformMatrix {
       0.190104,-0.000002,-0.981764,0.000000,0.000003,1.000000,-0.000002,0.000000,0.981764,-0.000002,0.190104,0.000000,0.063697,-0.000000,-0.088856,1.000000;;
      }

      Frame Bip01_BackPackNub {
       

       FrameTransformMatrix {
        0.000796,0.000003,1.000000,0.000000,-0.000000,-1.000000,0.000003,0.000000,1.000000,-0.000000,-0.000796,0.000000,0.053240,0.000000,0.000000,1.000000;;
       }
      }
     }
    }

    Frame Bip01_L_Thigh {
     

     FrameTransformMatrix {
      0.262709,0.108408,0.958766,0.000000,0.140132,-0.987420,0.073251,0.000000,0.954645,0.115110,-0.274596,0.000000,-0.044596,0.055225,0.026067,1.000000;;
     }

     Frame Bip01_L_Calf {
      

      FrameTransformMatrix {
       0.382925,0.000000,-0.923780,0.000000,-0.000000,1.000000,0.000000,0.000000,0.923780,-0.000000,0.382925,0.000000,0.237500,-0.000000,-0.000000,1.000000;;
      }

      Frame Bip01_L_Foot {
       

       FrameTransformMatrix {
        0.990990,-0.046727,0.125519,0.000000,0.064825,0.987420,-0.144221,0.000000,-0.117201,0.151059,0.981552,0.000000,0.206841,0.000000,0.000000,1.000000;;
       }

       Frame Bip01_L_Toe0 {
        

        FrameTransformMatrix {
         0.000000,-0.000000,1.000000,0.000000,-0.000000,1.000000,0.000000,0.000000,-1.000000,-0.000000,-0.000000,0.000000,0.065373,-0.000000,0.066450,1.000000;;
        }

        Frame Bip01_L_Toe0Nub {
         

         FrameTransformMatrix {
          -1.000000,-0.000000,-0.000000,0.000000,-0.000000,1.000000,-0.000000,0.000000,-0.000000,0.000000,-1.000000,0.000000,0.006735,-0.000000,0.000000,1.000000;;
         }
        }
       }
      }
     }
    }

    Frame Bip01_R_Thigh {
     

     FrameTransformMatrix {
      0.254589,-0.116901,0.959957,0.000000,-0.115166,-0.989267,-0.089928,0.000000,0.960167,-0.087660,-0.265320,0.000000,-0.044596,-0.055225,0.026067,1.000000;;
     }

     Frame Bip01_R_Calf {
      

      FrameTransformMatrix {
       0.409226,-0.000000,-0.912433,0.000000,-0.000000,1.000000,0.000000,0.000000,0.912433,0.000000,0.409225,0.000000,0.237500,0.000000,0.000000,1.000000;;
      }

      Frame Bip01_R_Foot {
       

       FrameTransformMatrix {
        0.994408,0.017300,0.104178,0.000000,-0.032143,0.989267,0.142540,0.000000,-0.100594,-0.145092,0.984291,0.000000,0.206841,0.000000,-0.000000,1.000000;;
       }

       Frame Bip01_R_Toe0 {
        

        FrameTransformMatrix {
         0.000000,0.000000,1.000000,0.000000,0.000000,1.000000,-0.000000,0.000000,-1.000000,0.000000,0.000000,0.000000,0.065373,0.000000,0.066450,1.000000;;
        }

        Frame Bip01_R_Toe0Nub {
         

         FrameTransformMatrix {
          1.000000,0.000000,0.000000,0.000000,0.000000,1.000000,0.000000,0.000000,0.000000,0.000000,1.000000,0.000000,0.006735,-0.000000,0.000000,1.000000;;
         }
        }
       }
      }
     }
    }
   }

   Frame Bip01_DressFront {
    

    FrameTransformMatrix {
     -0.308237,-0.000002,0.951310,0.000000,-0.000004,1.000000,0.000001,0.000000,-0.951310,-0.000004,-0.308237,0.000000,0.019097,0.001399,0.055492,1.000000;;
    }

    Frame Bip01_DressFront02 {
     

     FrameTransformMatrix {
      0.698867,0.000002,0.715252,0.000000,-0.000002,1.000000,-0.000001,0.000000,-0.715252,-0.000001,0.698867,0.000000,0.183419,-0.000000,-0.000092,1.000000;;
     }

     Frame Bip01_DressFrontNub {
      

      FrameTransformMatrix {
       0.000796,0.000003,1.000000,0.000000,-0.000000,-1.000000,0.000003,0.000000,1.000000,-0.000000,-0.000796,0.000000,0.165302,0.000000,0.000000,1.000000;;
      }
     }
    }
   }

   Frame Bip01_DressBack {
    

    FrameTransformMatrix {
     -0.407818,-0.000002,0.913064,0.000000,-0.000004,1.000000,0.000000,0.000000,-0.913064,-0.000003,-0.407818,0.000000,-0.064865,-0.000000,-0.029313,1.000000;;
    }

    Frame Bip01_DressBack02 {
     

     FrameTransformMatrix {
      0.776205,0.000002,0.630480,0.000000,-0.000002,1.000000,-0.000001,0.000000,-0.630480,-0.000001,0.776205,0.000000,0.176227,-0.000000,-0.000084,1.000000;;
     }

     Frame Bip01_DressBackNub {
      

      FrameTransformMatrix {
       0.000796,0.000003,1.000000,0.000000,-0.000000,-1.000000,0.000003,0.000000,1.000000,-0.000000,-0.000796,0.000000,0.136508,0.000000,0.000000,1.000000;;
      }
     }
    }
   }
  }

  Frame Bip01_Prop1 {
   

   FrameTransformMatrix {
    -0.721905,-0.641069,0.260546,0.000000,-0.151148,0.513502,0.844672,0.000000,-0.675283,0.570391,-0.467596,0.000000,0.174555,0.000286,-0.049341,1.000000;;
   }
  }

  Frame Bip01_Prop2 {
   

   FrameTransformMatrix {
    0.870570,-0.352545,-0.343249,0.000000,-0.093314,0.566646,-0.818661,0.000000,0.483116,0.744731,0.460407,0.000000,0.172590,-0.004980,0.048675,1.000000;;
   }
  }
 }
}

Frame Translation_Data {
 

 FrameTransformMatrix {
  -0.000000,0.000000,-1.000000,0.000000,-1.000000,-0.000000,0.000000,0.000000,-0.000000,1.000000,0.000000,0.000000,0.000000,-0.000000,0.000000,1.000000;;
 }
}

Frame Body {
 

 FrameTransformMatrix {
  1.000000,0.000000,0.000000,0.000000,0.000000,1.000000,0.000000,0.000000,0.000000,0.000000,1.000000,0.000000,0.000000,0.000000,0.000000,1.000000;;
 }

 Mesh Body {
  1408;
  0.068853;0.261832;-0.008062;,
  0.028069;0.282301;0.004731;,
  0.033279;0.252308;-0.010174;,
  0.079004;0.241458;-0.010715;,
  0.084492;0.225562;-0.010761;,
  0.040922;0.220505;-0.025948;,
  0.054006;0.189016;-0.028403;,
  0.090647;0.191621;0.002478;,
  0.029036;0.304628;0.040995;,
  0.070322;0.287449;0.036829;,
  0.078414;0.282215;0.066679;,
  0.046862;0.285900;0.072470;,
  0.083349;0.032160;0.053873;,
  0.042026;0.019021;0.074902;,
  0.042914;0.035774;0.074168;,
  0.076569;0.045065;0.054153;,
  0.071273;0.063367;0.001775;,
  0.084221;0.032384;0.010644;,
  0.043439;0.068729;-0.028535;,
  0.041022;0.015837;-0.037560;,
  0.069941;0.021677;-0.021479;,
  0.000001;0.222209;-0.028777;,
  0.000000;0.187879;-0.035896;,
  -0.000000;0.015117;0.073153;,
  -0.000000;0.033804;0.073415;,
  0.052058;0.147691;0.094506;,
  0.000000;0.148515;0.098538;,
  0.000001;0.189997;0.104525;,
  0.056990;0.191886;0.100141;,
  0.063093;0.032089;-0.038679;,
  0.078159;0.055572;-0.133421;,
  0.112628;0.023004;-0.136013;,
  0.094205;-0.002460;-0.034768;,
  0.086498;0.060507;-0.243436;,
  0.109429;0.020838;-0.229663;,
  0.013835;0.029980;-0.040896;,
  0.007700;-0.062113;-0.029112;,
  0.025847;-0.039160;-0.147743;,
  0.028080;0.036356;-0.139765;,
  0.051429;-0.002443;-0.220629;,
  0.053832;0.030731;-0.235425;,
  0.085205;-0.055839;-0.035817;,
  0.105566;-0.041101;-0.142011;,
  0.091697;-0.006824;-0.215807;,
  0.085920;-0.214835;-0.366459;,
  0.041025;-0.213011;-0.368926;,
  0.046354;-0.241659;-0.329756;,
  0.081211;-0.241520;-0.329986;,
  0.080957;-0.006987;-0.276659;,
  0.073408;-0.070332;-0.314360;,
  0.098091;-0.091207;-0.289149;,
  0.107840;-0.027747;-0.250941;,
  0.066083;-0.139555;-0.353328;,
  0.083039;-0.157792;-0.329080;,
  0.035321;-0.028690;-0.269533;,
  0.030511;-0.044270;-0.216233;,
  0.032761;-0.095764;-0.257246;,
  0.040542;-0.081274;-0.296789;,
  0.048970;-0.158826;-0.305484;,
  0.047119;-0.160433;-0.336914;,
  0.102034;-0.048769;-0.206571;,
  0.093924;-0.105904;-0.253761;,
  0.073120;-0.156964;-0.301724;,
  0.090324;0.003594;0.005099;,
  -0.000001;0.012934;-0.051414;,
  -0.000001;-0.024291;-0.050739;,
  0.013835;0.029980;-0.040896;,
  0.092057;-0.020837;0.053922;,
  0.042026;-0.030696;0.075869;,
  0.085196;-0.058517;-0.001326;,
  0.039276;-0.068777;0.021420;,
  0.047486;0.096967;0.083498;,
  0.083731;0.147053;0.076809;,
  0.095217;0.152941;0.060193;,
  0.088743;0.159399;0.007283;,
  0.071861;0.109329;0.009373;,
  0.079480;0.100605;0.058571;,
  0.054400;0.159416;-0.028251;,
  0.048920;0.109130;-0.019821;,
  0.000000;0.163166;-0.034416;,
  -0.000000;0.105121;-0.025053;,
  0.115146;0.226400;-0.015629;,
  0.066624;0.225873;0.007629;,
  0.135555;0.180096;-0.013531;,
  0.081560;0.166262;0.008449;,
  0.105138;0.127627;0.021955;,
  0.148849;0.136806;0.003024;,
  0.089213;0.222502;0.064112;,
  0.104452;0.174086;0.069932;,
  0.081560;0.166262;0.008449;,
  0.121835;0.110626;0.058685;,
  0.105138;0.127627;0.021955;,
  0.099197;0.226103;0.068083;,
  0.137592;0.233318;0.045990;,
  0.158502;0.188242;0.047979;,
  0.165424;0.119530;0.039740;,
  0.131757;0.232257;0.008577;,
  0.144172;0.148327;-0.011612;,
  0.091497;0.138727;0.009210;,
  0.078725;0.120911;-0.047372;,
  0.113013;0.128028;-0.058372;,
  0.067110;0.099427;-0.081862;,
  0.088657;0.107699;-0.097108;,
  0.091497;0.138727;0.009210;,
  0.109276;0.081685;0.029378;,
  0.101822;0.070296;-0.034008;,
  0.078725;0.120911;-0.047372;,
  0.089026;0.069720;-0.081495;,
  0.067110;0.099427;-0.081862;,
  0.161636;0.091380;0.008691;,
  0.128115;0.076174;-0.042268;,
  0.099541;0.073163;-0.089053;,
  0.003758;0.079771;-0.192363;,
  0.004871;0.072594;-0.171600;,
  0.046238;0.047949;-0.171397;,
  0.044721;0.055343;-0.191748;,
  0.014292;0.079568;-0.127364;,
  0.016430;0.074408;-0.137091;,
  0.014180;0.082844;-0.143787;,
  0.007472;0.088046;-0.131574;,
  0.077043;0.055855;-0.116131;,
  0.068935;0.060265;-0.152335;,
  0.036926;0.097615;-0.133215;,
  0.039432;0.084664;-0.101045;,
  0.097523;0.085577;-0.127472;,
  0.074964;0.074173;-0.165308;,
  0.059099;0.116570;-0.111193;,
  0.044702;0.110378;-0.146373;,
  0.099307;0.285640;0.038274;,
  0.103973;0.285766;0.008731;,
  0.070322;0.287449;0.036829;,
  0.067517;0.282853;0.012293;,
  0.093799;0.195402;0.082907;,
  0.038722;0.296245;0.015351;,
  0.098912;0.266978;-0.011299;,
  0.068853;0.261832;-0.008062;,
  0.079004;0.241458;-0.010715;,
  0.096527;0.242101;-0.008063;,
  0.097488;0.242518;0.074584;,
  0.057779;0.233753;0.092426;,
  0.100077;0.246519;0.070545;,
  0.000001;0.228684;0.096210;,
  0.000001;0.281246;0.067158;,
  0.078414;0.282215;0.066679;,
  0.100077;0.246519;0.070545;,
  0.085583;0.220591;0.018570;,
  0.100187;0.237126;0.061277;,
  0.066624;0.225873;0.007629;,
  0.095938;0.191992;0.051063;,
  0.089013;0.188474;0.016818;,
  0.084492;0.225562;-0.010761;,
  0.101289;0.194939;0.066817;,
  0.039432;0.084664;-0.101045;,
  0.026043;0.329137;0.026956;,
  0.035203;0.322013;0.006866;,
  0.000031;0.307031;0.045306;,
  0.000000;0.333277;0.034551;,
  0.044702;0.110378;-0.146373;,
  0.003758;0.079771;-0.192363;,
  0.044721;0.055343;-0.191748;,
  0.026862;0.087296;-0.113928;,
  0.016675;0.105551;-0.129225;,
  0.026862;0.087296;-0.113928;,
  0.031696;0.083140;-0.130547;,
  0.032018;0.102946;-0.145154;,
  0.032018;0.102946;-0.145154;,
  0.014292;0.079568;-0.127364;,
  0.007472;0.088046;-0.131574;,
  0.014180;0.082844;-0.143787;,
  0.092160;-0.152097;-0.415825;,
  0.060585;-0.132473;-0.447935;,
  0.061906;-0.143234;-0.464721;,
  0.097720;-0.165321;-0.434403;,
  0.042608;-0.208391;-0.318687;,
  0.046354;-0.241659;-0.329756;,
  0.041025;-0.213011;-0.368926;,
  0.039653;-0.191344;-0.356284;,
  0.048970;-0.158826;-0.305484;,
  0.073120;-0.156964;-0.301724;,
  0.084148;-0.205636;-0.317338;,
  0.085920;-0.214835;-0.366459;,
  0.081211;-0.241520;-0.329986;,
  0.087070;-0.185128;-0.347890;,
  0.066083;-0.139555;-0.353328;,
  0.083039;-0.157792;-0.329080;,
  0.026966;-0.149378;-0.456262;,
  0.033092;-0.141078;-0.441269;,
  0.097720;-0.165321;-0.434403;,
  0.026966;-0.149378;-0.456262;,
  0.028080;0.036356;-0.139765;,
  0.053832;0.030731;-0.235425;,
  0.035321;-0.028690;-0.269533;,
  0.040542;-0.081274;-0.296789;,
  0.047119;-0.160433;-0.336914;,
  0.047119;-0.160433;-0.336914;,
  -0.000000;-0.054099;-0.008133;,
  0.046110;0.323827;-0.011499;,
  0.037519;0.319646;-0.030716;,
  0.028589;0.313095;-0.028878;,
  0.027269;0.314417;-0.009179;,
  0.038411;0.343587;0.011485;,
  0.030495;0.354038;0.031750;,
  0.019681;0.461607;-0.027121;,
  0.000000;0.466198;-0.027198;,
  0.000000;0.453010;-0.053979;,
  0.033917;0.393575;-0.072038;,
  0.030249;0.422146;-0.064753;,
  0.016958;0.392292;-0.078633;,
  0.051436;0.351581;-0.008622;,
  0.043398;0.339791;-0.034726;,
  0.044542;0.335405;-0.002993;,
  0.052560;0.387101;0.007532;,
  0.053036;0.396360;-0.015186;,
  0.052320;0.432880;-0.022290;,
  0.043654;0.429597;-0.048638;,
  0.048803;0.391064;-0.041578;,
  0.039116;0.400342;0.043595;,
  0.049953;0.391454;0.023551;,
  0.000000;0.401674;0.054725;,
  0.000000;0.448728;0.040042;,
  0.032856;0.446440;0.029884;,
  0.049277;0.368437;-0.039754;,
  0.034842;0.362520;-0.062861;,
  0.034041;0.329694;-0.048214;,
  0.019502;0.304721;-0.059072;,
  0.000000;0.300919;-0.068331;,
  0.000000;0.299622;-0.047229;,
  0.025758;0.441800;-0.056635;,
  0.039361;0.451338;-0.026363;,
  0.048001;0.443113;0.011107;,
  0.034467;0.460160;0.001721;,
  0.000000;0.468209;0.010150;,
  0.017234;0.465888;0.007902;,
  0.000000;0.362852;0.044379;,
  0.048001;0.443113;0.011107;,
  0.034467;0.460160;0.001721;,
  0.056104;0.382029;-0.005545;,
  0.055906;0.354258;-0.009347;,
  0.062598;0.382103;0.007724;,
  0.059464;0.400809;-0.001111;,
  0.062598;0.382103;0.007724;,
  0.055906;0.354258;-0.009347;,
  0.059464;0.400809;-0.001111;,
  0.053036;0.396360;-0.015186;,
  0.053542;0.371896;-0.021074;,
  0.051436;0.351581;-0.008622;,
  0.034554;0.384762;-0.063628;,
  0.053542;0.371896;-0.021074;,
  0.038722;0.296245;0.015351;,
  0.035203;0.322013;0.006866;,
  0.067517;0.282853;0.012293;,
  0.038411;0.343587;0.011485;,
  0.000001;0.270642;-0.013649;,
  0.000001;0.247415;-0.018797;,
  -0.000000;0.067785;-0.032670;,
  -0.000000;-0.033071;0.074707;,
  -0.000000;-0.063865;0.059595;,
  -0.000619;-0.077349;0.038672;,
  0.000000;0.296128;-0.028174;,
  -0.000000;-0.054099;-0.008133;,
  0.017234;0.465888;0.007902;,
  0.000000;0.468209;0.010150;,
  0.020119;0.336104;-0.065276;,
  0.012582;0.358632;-0.072858;,
  0.012774;0.348979;-0.072837;,
  0.000000;0.443203;-0.065970;,
  0.000000;0.421024;-0.078440;,
  0.014875;0.383624;-0.069146;,
  0.000000;0.096117;0.085486;,
  0.067517;0.282853;0.012293;,
  0.061906;-0.143234;-0.464721;,
  0.019524;0.329531;-0.064865;,
  0.011857;0.327312;-0.071765;,
  0.011672;0.332208;-0.068285;,
  0.000000;0.356169;-0.087397;,
  0.000000;0.347872;-0.077813;,
  0.011420;0.336018;-0.073194;,
  0.000000;0.332496;-0.068809;,
  0.000000;0.325596;-0.074463;,
  0.000000;0.391009;-0.085228;,
  0.000000;0.381713;-0.081104;,
  0.100187;0.237126;0.061277;,
  0.000000;0.336007;-0.076930;,
  0.081144;0.224585;0.035655;,
  0.085583;0.220591;0.018570;,
  0.084492;0.225562;-0.010761;,
  0.049953;0.391454;0.023551;,
  0.080957;-0.006987;-0.276659;,
  0.034049;0.008082;-0.276175;,
  0.041146;-0.053611;-0.321932;,
  0.073408;-0.070332;-0.314360;,
  0.086498;0.060507;-0.243436;,
  0.039241;0.060219;-0.230944;,
  0.078159;0.055572;-0.133421;,
  0.021774;0.052184;-0.134277;,
  0.063093;0.032089;-0.038679;,
  0.014251;0.048960;-0.045693;,
  0.041022;0.015837;-0.037560;,
  0.039318;-0.107795;-0.369450;,
  0.066083;-0.139555;-0.353328;,
  0.033527;-0.122499;-0.243049;,
  0.031642;-0.180741;-0.281882;,
  0.002567;-0.215541;-0.301194;,
  0.001880;-0.161083;-0.252543;,
  0.001641;-0.103591;-0.214167;,
  0.032688;-0.053663;-0.205223;,
  0.001675;-0.070239;-0.172105;,
  0.040329;-0.025131;-0.211491;,
  0.022950;-0.053796;-0.148851;,
  -0.000868;-0.071166;-0.106731;,
  -0.000000;-0.082399;0.018999;,
  0.081144;0.224585;0.035655;,
  -0.068852;0.261833;-0.008062;,
  -0.079002;0.241458;-0.010715;,
  -0.033277;0.252308;-0.010174;,
  -0.028067;0.282301;0.004731;,
  -0.084491;0.225563;-0.010761;,
  -0.090645;0.191621;0.002479;,
  -0.054006;0.189016;-0.028403;,
  -0.040920;0.220506;-0.025948;,
  -0.029034;0.304628;0.040995;,
  -0.046860;0.285900;0.072471;,
  -0.078412;0.282216;0.066680;,
  -0.070320;0.287449;0.036829;,
  -0.083349;0.032159;0.053873;,
  -0.076569;0.045065;0.054153;,
  -0.042914;0.035774;0.074168;,
  -0.042026;0.019020;0.074902;,
  -0.071273;0.063367;0.001775;,
  -0.084221;0.032384;0.010644;,
  -0.043439;0.068729;-0.028535;,
  -0.069851;0.021740;-0.021491;,
  -0.041024;0.015837;-0.037560;,
  -0.000000;0.033804;0.073415;,
  -0.000000;0.015117;0.073153;,
  -0.052058;0.147691;0.094506;,
  -0.056988;0.191886;0.100141;,
  0.000001;0.189997;0.104525;,
  0.000000;0.148515;0.098538;,
  -0.062434;0.031946;-0.039023;,
  -0.094429;-0.001984;-0.034468;,
  -0.113561;0.022998;-0.135617;,
  -0.078217;0.054667;-0.133784;,
  -0.111492;0.019667;-0.229256;,
  -0.087690;0.059002;-0.243397;,
  -0.013532;0.028413;-0.041697;,
  -0.028739;0.034060;-0.140468;,
  -0.028592;-0.041573;-0.147603;,
  -0.009042;-0.063421;-0.029098;,
  -0.055723;0.028046;-0.235724;,
  -0.054011;-0.005471;-0.220850;,
  -0.108263;-0.041335;-0.140957;,
  -0.086624;-0.055810;-0.035198;,
  -0.094320;-0.008733;-0.215509;,
  -0.094698;-0.215333;-0.369624;,
  -0.089989;-0.242019;-0.333150;,
  -0.055132;-0.242157;-0.332921;,
  -0.049803;-0.213509;-0.372091;,
  -0.084530;-0.008197;-0.277163;,
  -0.111641;-0.028601;-0.251401;,
  -0.104316;-0.091652;-0.290808;,
  -0.079392;-0.071077;-0.316029;,
  -0.091833;-0.158073;-0.332146;,
  -0.074728;-0.139865;-0.356322;,
  -0.039455;-0.031343;-0.271080;,
  -0.046615;-0.083275;-0.299134;,
  -0.038698;-0.098665;-0.259959;,
  -0.034343;-0.047972;-0.218126;,
  -0.055897;-0.160932;-0.340079;,
  -0.057530;-0.160036;-0.308876;,
  -0.100076;-0.107072;-0.255738;,
  -0.105822;-0.050545;-0.207480;,
  -0.081633;-0.157751;-0.304878;,
  -0.090324;0.003594;0.005099;,
  -0.013532;0.028413;-0.041697;,
  -0.042026;-0.030696;0.075869;,
  -0.092057;-0.020837;0.053922;,
  -0.040063;-0.069153;0.021595;,
  -0.086038;-0.058475;-0.000948;,
  -0.047486;0.096967;0.083499;,
  -0.083731;0.147053;0.076809;,
  -0.095217;0.152941;0.060193;,
  -0.079480;0.100605;0.058572;,
  -0.071861;0.109329;0.009374;,
  -0.088743;0.159399;0.007283;,
  -0.048920;0.109130;-0.019821;,
  -0.054400;0.159416;-0.028250;,
  -0.115145;0.226400;-0.015628;,
  -0.135554;0.180096;-0.013530;,
  -0.066623;0.225873;0.007630;,
  -0.148848;0.136806;0.003024;,
  -0.105138;0.127628;0.021955;,
  -0.081559;0.166262;0.008449;,
  -0.089211;0.222502;0.064113;,
  -0.081559;0.166262;0.008449;,
  -0.104450;0.174086;0.069933;,
  -0.105138;0.127628;0.021955;,
  -0.121834;0.110626;0.058686;,
  -0.099195;0.226103;0.068084;,
  -0.158500;0.188242;0.047980;,
  -0.137591;0.233319;0.045991;,
  -0.165423;0.119530;0.039741;,
  -0.131756;0.232258;0.008578;,
  -0.144172;0.148327;-0.011613;,
  -0.113013;0.128028;-0.058372;,
  -0.078724;0.120910;-0.047372;,
  -0.091497;0.138727;0.009209;,
  -0.088656;0.107699;-0.097108;,
  -0.067109;0.099427;-0.081862;,
  -0.091497;0.138727;0.009209;,
  -0.078724;0.120910;-0.047372;,
  -0.101822;0.070295;-0.034008;,
  -0.109275;0.081685;0.029378;,
  -0.067109;0.099427;-0.081862;,
  -0.089025;0.069720;-0.081496;,
  -0.128114;0.076174;-0.042268;,
  -0.161635;0.091380;0.008691;,
  -0.099540;0.073163;-0.089053;,
  -0.003758;0.079770;-0.192364;,
  -0.044721;0.055343;-0.191749;,
  -0.046238;0.047949;-0.171397;,
  -0.004870;0.072593;-0.171600;,
  -0.014292;0.079568;-0.127364;,
  -0.007472;0.088046;-0.131574;,
  -0.014179;0.082844;-0.143788;,
  -0.016430;0.074408;-0.137092;,
  -0.077042;0.055854;-0.116132;,
  -0.039432;0.084663;-0.101046;,
  -0.036926;0.097615;-0.133216;,
  -0.068935;0.060265;-0.152335;,
  -0.074963;0.074173;-0.165308;,
  -0.097523;0.085576;-0.127473;,
  -0.059098;0.116569;-0.111194;,
  -0.044701;0.110378;-0.146374;,
  -0.099306;0.285640;0.038274;,
  -0.103972;0.285767;0.008731;,
  -0.067516;0.282854;0.012293;,
  -0.070320;0.287449;0.036829;,
  -0.093797;0.195403;0.082907;,
  -0.038720;0.296245;0.015351;,
  -0.098911;0.266979;-0.011298;,
  -0.096526;0.242102;-0.008062;,
  -0.079002;0.241458;-0.010715;,
  -0.068852;0.261833;-0.008062;,
  -0.097487;0.242518;0.074584;,
  -0.100075;0.246519;0.070546;,
  -0.057777;0.233754;0.092426;,
  0.000001;0.228684;0.096210;,
  0.000001;0.281246;0.067158;,
  -0.078412;0.282216;0.066680;,
  -0.100075;0.246519;0.070546;,
  -0.085582;0.220591;0.018570;,
  -0.066623;0.225873;0.007630;,
  -0.100186;0.237127;0.061278;,
  -0.089011;0.188474;0.016818;,
  -0.095936;0.191993;0.051064;,
  -0.084491;0.225563;-0.010761;,
  -0.101287;0.194940;0.066817;,
  -0.039432;0.084663;-0.101046;,
  -0.035203;0.322013;0.006866;,
  -0.026043;0.329137;0.026956;,
  0.000000;0.333277;0.034551;,
  0.000031;0.307031;0.045306;,
  -0.044701;0.110378;-0.146374;,
  -0.003758;0.079770;-0.192364;,
  -0.044721;0.055343;-0.191749;,
  -0.016674;0.105551;-0.129225;,
  -0.026862;0.087296;-0.113929;,
  -0.026862;0.087296;-0.113929;,
  -0.031696;0.083140;-0.130548;,
  -0.032018;0.102946;-0.145155;,
  -0.032018;0.102946;-0.145155;,
  -0.007472;0.088046;-0.131574;,
  -0.014292;0.079568;-0.127364;,
  -0.014179;0.082844;-0.143788;,
  -0.100939;-0.152596;-0.418990;,
  -0.106499;-0.165820;-0.437567;,
  -0.070685;-0.143733;-0.467885;,
  -0.069364;-0.132972;-0.451100;,
  -0.051386;-0.208890;-0.321852;,
  -0.048431;-0.191842;-0.359449;,
  -0.049803;-0.213509;-0.372091;,
  -0.055132;-0.242157;-0.332921;,
  -0.057530;-0.160036;-0.308876;,
  -0.092926;-0.206134;-0.320503;,
  -0.081633;-0.157751;-0.304878;,
  -0.094698;-0.215333;-0.369624;,
  -0.095848;-0.185626;-0.351055;,
  -0.089989;-0.242019;-0.333150;,
  -0.074728;-0.139865;-0.356322;,
  -0.091833;-0.158073;-0.332146;,
  -0.041871;-0.141576;-0.444434;,
  -0.035745;-0.149877;-0.459427;,
  -0.035745;-0.149877;-0.459427;,
  -0.106499;-0.165820;-0.437567;,
  -0.028739;0.034060;-0.140468;,
  -0.055723;0.028046;-0.235724;,
  -0.039455;-0.031343;-0.271080;,
  -0.046615;-0.083275;-0.299134;,
  -0.055897;-0.160932;-0.340079;,
  -0.055897;-0.160932;-0.340079;,
  -0.046110;0.323828;-0.011499;,
  -0.027269;0.314417;-0.009179;,
  -0.028589;0.313095;-0.028878;,
  -0.037519;0.319646;-0.030716;,
  -0.038411;0.343588;0.011485;,
  -0.030495;0.354038;0.031750;,
  -0.019681;0.461607;-0.027121;,
  0.000000;0.466198;-0.027198;,
  -0.033917;0.393576;-0.072038;,
  -0.016958;0.392292;-0.078633;,
  -0.030249;0.422146;-0.064753;,
  -0.043398;0.339791;-0.034726;,
  -0.051436;0.351582;-0.008622;,
  -0.044542;0.335405;-0.002993;,
  -0.052560;0.387101;0.007532;,
  -0.053036;0.396360;-0.015186;,
  -0.048803;0.391064;-0.041578;,
  -0.043654;0.429597;-0.048638;,
  -0.052320;0.432880;-0.022290;,
  -0.049953;0.391455;0.023551;,
  -0.039116;0.400342;0.043595;,
  0.000000;0.401674;0.054725;,
  -0.032856;0.446441;0.029884;,
  0.000000;0.448728;0.040042;,
  -0.049277;0.368438;-0.039754;,
  -0.034041;0.329694;-0.048214;,
  -0.034842;0.362520;-0.062861;,
  -0.019502;0.304721;-0.059072;,
  -0.025758;0.441800;-0.056635;,
  -0.039361;0.451338;-0.026363;,
  -0.034467;0.460160;0.001721;,
  -0.048001;0.443113;0.011107;,
  -0.017234;0.465888;0.007902;,
  0.000000;0.468209;0.010150;,
  0.000000;0.362852;0.044379;,
  -0.048001;0.443113;0.011107;,
  -0.034467;0.460160;0.001721;,
  -0.062428;0.382104;0.007724;,
  -0.055809;0.354258;-0.009347;,
  -0.056104;0.382029;-0.005545;,
  -0.059281;0.400809;-0.001110;,
  -0.055809;0.354258;-0.009347;,
  -0.062428;0.382104;0.007724;,
  -0.059281;0.400809;-0.001110;,
  -0.053036;0.396360;-0.015186;,
  -0.053542;0.371896;-0.021073;,
  -0.051436;0.351582;-0.008622;,
  -0.034554;0.384762;-0.063628;,
  -0.053542;0.371896;-0.021073;,
  -0.035203;0.322013;0.006866;,
  -0.038720;0.296245;0.015351;,
  -0.067516;0.282854;0.012293;,
  -0.038411;0.343588;0.011485;,
  -0.000000;-0.033071;0.074707;,
  -0.000000;-0.063865;0.059595;,
  -0.000619;-0.077349;0.038672;,
  -0.000000;-0.054099;-0.008133;,
  -0.017234;0.465888;0.007902;,
  0.000000;0.468209;0.010150;,
  -0.020119;0.336104;-0.065276;,
  -0.012774;0.348979;-0.072837;,
  -0.012582;0.358632;-0.072858;,
  -0.014875;0.383624;-0.069146;,
  0.000000;0.096117;0.085486;,
  -0.067516;0.282854;0.012293;,
  -0.070685;-0.143733;-0.467885;,
  -0.011857;0.327312;-0.071765;,
  -0.019524;0.329531;-0.064865;,
  -0.011672;0.332208;-0.068285;,
  -0.011420;0.336018;-0.073194;,
  -0.100186;0.237127;0.061278;,
  -0.081142;0.224586;0.035656;,
  -0.085582;0.220591;0.018570;,
  -0.084491;0.225563;-0.010761;,
  -0.049953;0.391455;0.023551;,
  -0.035177;0.007077;-0.276609;,
  -0.041105;-0.053513;-0.323489;,
  -0.001380;-0.047327;-0.323475;,
  -0.000463;0.008956;-0.270654;,
  -0.041006;0.058251;-0.231506;,
  -0.000197;0.053021;-0.221399;,
  -0.023705;0.050456;-0.135053;,
  -0.000084;0.044866;-0.136516;,
  -0.014435;0.047831;-0.046243;,
  0.000031;0.042821;-0.050492;,
  -0.000001;0.012934;-0.051414;,
  -0.041024;0.015837;-0.037560;,
  -0.041112;-0.107330;-0.371369;,
  -0.002137;-0.092670;-0.371325;,
  -0.028559;-0.184974;-0.288642;,
  -0.081619;-0.157750;-0.304877;,
  -0.100076;-0.107072;-0.255738;,
  -0.034483;-0.122892;-0.246657;,
  -0.105822;-0.050545;-0.207480;,
  -0.040051;-0.060480;-0.207560;,
  -0.043030;-0.031347;-0.209586;,
  -0.094320;-0.008733;-0.215509;,
  -0.108263;-0.041335;-0.140957;,
  -0.025781;-0.058728;-0.149645;,
  -0.000000;-0.063865;0.059595;,
  -0.040063;-0.069153;0.021595;,
  -0.081142;0.224586;0.035656;,
  -0.062434;0.031946;-0.039023;,
  -0.078217;0.054667;-0.133784;,
  -0.087690;0.059002;-0.243397;,
  -0.084530;-0.008197;-0.277163;,
  -0.079392;-0.071077;-0.316029;,
  -0.074728;-0.139865;-0.356322;,
  0.085205;-0.055839;-0.035817;,
  0.105566;-0.041101;-0.142011;,
  0.039276;-0.068777;0.021420;,
  0.091697;-0.006824;-0.215807;,
  0.102034;-0.048769;-0.206571;,
  0.093924;-0.105904;-0.253761;,
  0.073120;-0.156964;-0.301724;,
  -0.086624;-0.055810;-0.035198;,
  0.068853;0.261832;-0.008062;,
  0.068853;0.261832;-0.008062;,
  0.084492;0.225562;-0.010761;,
  0.084492;0.225562;-0.010761;,
  0.084492;0.225562;-0.010761;,
  0.054006;0.189016;-0.028403;,
  0.054006;0.189016;-0.028403;,
  0.054006;0.189016;-0.028403;,
  0.054006;0.189016;-0.028403;,
  0.054006;0.189016;-0.028403;,
  0.090647;0.191621;0.002478;,
  0.090647;0.191621;0.002478;,
  0.090647;0.191621;0.002478;,
  0.090647;0.191621;0.002478;,
  0.090647;0.191621;0.002478;,
  0.070322;0.287449;0.036829;,
  0.070322;0.287449;0.036829;,
  0.078414;0.282215;0.066679;,
  0.078414;0.282215;0.066679;,
  0.078414;0.282215;0.066679;,
  0.042914;0.035774;0.074168;,
  0.042914;0.035774;0.074168;,
  0.042914;0.035774;0.074168;,
  0.042914;0.035774;0.074168;,
  0.042914;0.035774;0.074168;,
  0.076569;0.045065;0.054153;,
  0.076569;0.045065;0.054153;,
  0.076569;0.045065;0.054153;,
  0.076569;0.045065;0.054153;,
  0.076569;0.045065;0.054153;,
  0.071273;0.063367;0.001775;,
  0.071273;0.063367;0.001775;,
  0.071273;0.063367;0.001775;,
  0.071273;0.063367;0.001775;,
  0.071273;0.063367;0.001775;,
  0.071273;0.063367;0.001775;,
  0.043439;0.068729;-0.028535;,
  0.043439;0.068729;-0.028535;,
  0.043439;0.068729;-0.028535;,
  0.043439;0.068729;-0.028535;,
  0.043439;0.068729;-0.028535;,
  0.069941;0.021677;-0.021479;,
  0.069941;0.021677;-0.021479;,
  0.069941;0.021677;-0.021479;,
  0.069941;0.021677;-0.021479;,
  0.069941;0.021677;-0.021479;,
  0.069941;0.021677;-0.021479;,
  0.000000;0.187879;-0.035896;,
  0.000000;0.187879;-0.035896;,
  0.000000;0.187879;-0.035896;,
  0.000000;0.187879;-0.035896;,
  0.000000;0.187879;-0.035896;,
  -0.000000;0.033804;0.073415;,
  -0.000000;0.033804;0.073415;,
  0.052058;0.147691;0.094506;,
  0.052058;0.147691;0.094506;,
  0.052058;0.147691;0.094506;,
  0.052058;0.147691;0.094506;,
  0.000000;0.148515;0.098538;,
  0.000000;0.148515;0.098538;,
  0.000001;0.189997;0.104525;,
  0.000001;0.189997;0.104525;,
  0.056990;0.191886;0.100141;,
  0.056990;0.191886;0.100141;,
  0.056990;0.191886;0.100141;,
  0.056990;0.191886;0.100141;,
  0.056990;0.191886;0.100141;,
  0.063093;0.032089;-0.038679;,
  0.063093;0.032089;-0.038679;,
  0.063093;0.032089;-0.038679;,
  0.063093;0.032089;-0.038679;,
  0.063093;0.032089;-0.038679;,
  0.063093;0.032089;-0.038679;,
  0.094205;-0.002460;-0.034768;,
  0.094205;-0.002460;-0.034768;,
  0.094205;-0.002460;-0.034768;,
  0.094205;-0.002460;-0.034768;,
  0.094205;-0.002460;-0.034768;,
  0.094205;-0.002460;-0.034768;,
  0.086498;0.060507;-0.243436;,
  0.086498;0.060507;-0.243436;,
  0.086498;0.060507;-0.243436;,
  0.086498;0.060507;-0.243436;,
  0.086498;0.060507;-0.243436;,
  0.109429;0.020838;-0.229663;,
  0.109429;0.020838;-0.229663;,
  0.109429;0.020838;-0.229663;,
  0.109429;0.020838;-0.229663;,
  0.109429;0.020838;-0.229663;,
  0.007700;-0.062113;-0.029112;,
  0.007700;-0.062113;-0.029112;,
  0.007700;-0.062113;-0.029112;,
  0.007700;-0.062113;-0.029112;,
  0.007700;-0.062113;-0.029112;,
  0.007700;-0.062113;-0.029112;,
  0.007700;-0.062113;-0.029112;,
  0.051429;-0.002443;-0.220629;,
  0.051429;-0.002443;-0.220629;,
  0.051429;-0.002443;-0.220629;,
  0.051429;-0.002443;-0.220629;,
  0.051429;-0.002443;-0.220629;,
  0.053832;0.030731;-0.235425;,
  0.085205;-0.055839;-0.035817;,
  0.085205;-0.055839;-0.035817;,
  0.085205;-0.055839;-0.035817;,
  0.085205;-0.055839;-0.035817;,
  0.085205;-0.055839;-0.035817;,
  0.091697;-0.006824;-0.215807;,
  0.091697;-0.006824;-0.215807;,
  0.091697;-0.006824;-0.215807;,
  0.091697;-0.006824;-0.215807;,
  0.091697;-0.006824;-0.215807;,
  0.091697;-0.006824;-0.215807;,
  0.066083;-0.139555;-0.353328;,
  0.066083;-0.139555;-0.353328;,
  0.083039;-0.157792;-0.329080;,
  0.083039;-0.157792;-0.329080;,
  0.083039;-0.157792;-0.329080;,
  0.048970;-0.158826;-0.305484;,
  0.048970;-0.158826;-0.305484;,
  0.073120;-0.156964;-0.301724;,
  0.073120;-0.156964;-0.301724;,
  0.085196;-0.058517;-0.001326;,
  0.085196;-0.058517;-0.001326;,
  0.085196;-0.058517;-0.001326;,
  0.085196;-0.058517;-0.001326;,
  0.039276;-0.068777;0.021420;,
  0.039276;-0.068777;0.021420;,
  0.039276;-0.068777;0.021420;,
  0.039276;-0.068777;0.021420;,
  0.047486;0.096967;0.083498;,
  0.047486;0.096967;0.083498;,
  0.047486;0.096967;0.083498;,
  0.047486;0.096967;0.083498;,
  0.047486;0.096967;0.083498;,
  0.047486;0.096967;0.083498;,
  0.083731;0.147053;0.076809;,
  0.083731;0.147053;0.076809;,
  0.083731;0.147053;0.076809;,
  0.083731;0.147053;0.076809;,
  0.083731;0.147053;0.076809;,
  0.095217;0.152941;0.060193;,
  0.095217;0.152941;0.060193;,
  0.095217;0.152941;0.060193;,
  0.095217;0.152941;0.060193;,
  0.095217;0.152941;0.060193;,
  0.095217;0.152941;0.060193;,
  0.088743;0.159399;0.007283;,
  0.088743;0.159399;0.007283;,
  0.088743;0.159399;0.007283;,
  0.088743;0.159399;0.007283;,
  0.088743;0.159399;0.007283;,
  0.071861;0.109329;0.009373;,
  0.071861;0.109329;0.009373;,
  0.071861;0.109329;0.009373;,
  0.071861;0.109329;0.009373;,
  0.071861;0.109329;0.009373;,
  0.071861;0.109329;0.009373;,
  0.079480;0.100605;0.058571;,
  0.079480;0.100605;0.058571;,
  0.079480;0.100605;0.058571;,
  0.079480;0.100605;0.058571;,
  0.054400;0.159416;-0.028251;,
  0.054400;0.159416;-0.028251;,
  0.054400;0.159416;-0.028251;,
  0.054400;0.159416;-0.028251;,
  0.054400;0.159416;-0.028251;,
  0.048920;0.109130;-0.019821;,
  0.048920;0.109130;-0.019821;,
  0.048920;0.109130;-0.019821;,
  0.048920;0.109130;-0.019821;,
  0.048920;0.109130;-0.019821;,
  0.000000;0.163166;-0.034416;,
  0.000000;0.163166;-0.034416;,
  0.000000;0.163166;-0.034416;,
  0.000000;0.163166;-0.034416;,
  0.000000;0.163166;-0.034416;,
  0.000000;0.163166;-0.034416;,
  0.000000;0.163166;-0.034416;,
  -0.000000;0.105121;-0.025053;,
  -0.000000;0.105121;-0.025053;,
  -0.000000;0.105121;-0.025053;,
  -0.000000;0.105121;-0.025053;,
  -0.000000;0.105121;-0.025053;,
  0.105138;0.127627;0.021955;,
  0.105138;0.127627;0.021955;,
  0.148849;0.136806;0.003024;,
  0.148849;0.136806;0.003024;,
  0.148849;0.136806;0.003024;,
  0.148849;0.136806;0.003024;,
  0.148849;0.136806;0.003024;,
  0.121835;0.110626;0.058685;,
  0.121835;0.110626;0.058685;,
  0.121835;0.110626;0.058685;,
  0.121835;0.110626;0.058685;,
  0.121835;0.110626;0.058685;,
  0.105138;0.127627;0.021955;,
  0.165424;0.119530;0.039740;,
  0.165424;0.119530;0.039740;,
  0.165424;0.119530;0.039740;,
  0.165424;0.119530;0.039740;,
  0.165424;0.119530;0.039740;,
  0.165424;0.119530;0.039740;,
  0.067110;0.099427;-0.081862;,
  0.067110;0.099427;-0.081862;,
  0.088657;0.107699;-0.097108;,
  0.088657;0.107699;-0.097108;,
  0.088657;0.107699;-0.097108;,
  0.088657;0.107699;-0.097108;,
  0.088657;0.107699;-0.097108;,
  0.088657;0.107699;-0.097108;,
  0.109276;0.081685;0.029378;,
  0.109276;0.081685;0.029378;,
  0.109276;0.081685;0.029378;,
  0.109276;0.081685;0.029378;,
  0.109276;0.081685;0.029378;,
  0.089026;0.069720;-0.081495;,
  0.089026;0.069720;-0.081495;,
  0.089026;0.069720;-0.081495;,
  0.089026;0.069720;-0.081495;,
  0.067110;0.099427;-0.081862;,
  0.067110;0.099427;-0.081862;,
  0.161636;0.091380;0.008691;,
  0.161636;0.091380;0.008691;,
  0.161636;0.091380;0.008691;,
  0.161636;0.091380;0.008691;,
  0.099541;0.073163;-0.089053;,
  0.099541;0.073163;-0.089053;,
  0.099541;0.073163;-0.089053;,
  0.099541;0.073163;-0.089053;,
  0.099541;0.073163;-0.089053;,
  0.099307;0.285640;0.038274;,
  0.099307;0.285640;0.038274;,
  0.099307;0.285640;0.038274;,
  0.099307;0.285640;0.038274;,
  0.103973;0.285766;0.008731;,
  0.103973;0.285766;0.008731;,
  0.103973;0.285766;0.008731;,
  0.103973;0.285766;0.008731;,
  0.103973;0.285766;0.008731;,
  0.070322;0.287449;0.036829;,
  0.070322;0.287449;0.036829;,
  0.067517;0.282853;0.012293;,
  0.093799;0.195402;0.082907;,
  0.093799;0.195402;0.082907;,
  0.093799;0.195402;0.082907;,
